NA	NA	NA	NA
0.38611	0.15537	0.12212	0.3364
0.21495	0.08137	0.50365	0.20003
0.2272	0.14386	0.07023	0.55871
0.08736	0.09749	0.15517	0.65997
0.08847	0.30361	0.59707	0.01085
0.23757	0.11107	0.63092	0.02045
0.88369	0.00914	0.00355	0.10362
0.02299	0.96913	0.00416	0.00371
0.63064	0.35858	0.00708	0.0037
0.95455	0.03821	0.00342	0.00382
0.93258	0.04979	0.01232	0.0053
0.75871	0.18733	0.02261	0.03135